gender,part_time_job,absence_days,extracurricular_activities,weekly_self_study_hours,career_aspiration,TOTAL_MARK
0,0,3,0,27,9,82.0
1,0,2,0,47,6,91.42857142857143
1,0,9,1,13,8,86.42857142857143
1,0,5,0,3,1,78.71428571428571
0,0,5,0,10,15,74.42857142857143
1,0,2,0,26,15,82.0
0,0,3,1,23,12,84.71428571428571
0,1,2,1,34,12,82.0
0,0,6,0,25,15,81.14285714285714
1,0,3,1,18,14,76.71428571428571
1,0,2,0,7,14,76.28571428571429
0,0,1,0,7,15,74.0
1,1,7,0,4,3,73.71428571428571
1,0,10,0,2,3,79.42857142857143
1,0,3,0,39,6,91.14285714285714
0,0,6,0,0,3,74.71428571428571
1,0,3,1,30,11,83.0
0,0,2,1,28,12,82.71428571428571
0,0,1,0,37,6,91.42857142857143
1,0,2,0,27,12,82.14285714285714
0,1,3,0,15,12,86.0
0,0,8,0,4,3,77.57142857142857
1,0,9,0,2,3,73.71428571428571
0,0,9,0,1,3,68.14285714285714
1,0,4,0,35,12,90.28571428571429
1,0,5,0,22,6,89.71428571428571
0,0,3,0,34,2,84.85714285714286
0,0,0,0,23,16,81.85714285714286
0,0,1,1,17,0,78.57142857142857
1,0,3,0,19,0,73.85714285714286
1,0,0,0,14,12,84.14285714285714
1,0,4,0,30,5,77.57142857142857
0,0,4,0,30,0,81.28571428571429
1,0,1,0,24,2,81.14285714285714
1,0,3,1,31,15,81.57142857142857
1,0,1,0,21,15,74.57142857142857
0,0,2,1,19,4,89.57142857142857
0,0,1,0,29,4,89.42857142857143
0,0,4,0,21,2,78.14285714285714
0,0,4,0,18,0,77.57142857142857
1,0,4,0,31,12,82.42857142857143
0,1,7,0,4,3,66.57142857142857
1,1,6,0,3,3,86.28571428571429
1,0,4,0,3,7,86.0
0,1,4,0,3,3,74.28571428571429
0,1,5,1,5,3,68.85714285714286
1,0,5,1,27,9,85.0
0,0,0,1,28,13,78.57142857142857
1,0,4,0,32,15,79.42857142857143
1,0,0,0,14,0,79.85714285714286
0,0,6,1,16,13,82.71428571428571
1,0,2,0,24,9,79.28571428571429
0,0,9,0,0,3,68.42857142857143
1,0,3,0,32,2,84.0
0,0,2,0,3,7,80.71428571428571
1,0,6,0,31,12,81.28571428571429
1,0,3,0,21,15,80.28571428571429
0,1,2,0,18,2,83.71428571428571
0,0,7,0,26,12,86.57142857142857
0,0,4,0,23,12,90.85714285714286
1,0,2,0,1,7,81.14285714285714
1,0,5,0,33,9,84.14285714285714
0,0,7,0,2,3,70.0
1,0,1,0,34,2,80.57142857142857
0,0,2,0,18,4,79.14285714285714
1,1,6,0,2,3,79.28571428571429
0,0,3,0,27,12,80.57142857142857
0,0,2,0,8,10,76.71428571428571
0,0,4,0,14,12,77.85714285714286
0,0,10,1,22,2,86.57142857142857
1,0,1,0,15,5,81.85714285714286
1,1,3,0,22,16,84.0
0,1,10,0,1,3,68.71428571428571
0,1,8,0,3,3,69.0
1,0,2,0,20,12,79.71428571428571
1,0,7,1,27,12,93.14285714285714
1,0,3,0,24,12,81.14285714285714
1,0,1,1,5,15,81.57142857142857
1,0,7,0,34,15,76.28571428571429
0,0,3,0,16,12,83.28571428571429
1,1,3,0,3,3,75.0
1,0,1,0,15,13,75.71428571428571
1,0,7,0,11,8,75.14285714285714
0,0,7,0,32,11,86.0
0,0,3,0,28,15,72.28571428571429
0,0,1,0,24,12,74.0
1,0,2,0,9,8,79.85714285714286
1,0,3,1,14,12,82.85714285714286
0,0,3,0,16,13,86.0
0,0,3,0,29,12,74.85714285714286
0,0,0,0,14,0,72.28571428571429
0,0,4,0,10,8,80.14285714285714
0,0,5,0,31,12,84.14285714285714
0,0,4,0,34,13,80.42857142857143
1,0,5,0,3,15,81.14285714285714
1,0,2,1,34,12,87.28571428571429
1,0,3,1,2,1,82.14285714285714
0,0,3,0,4,10,86.57142857142857
0,1,0,0,28,9,86.28571428571429
1,0,0,0,5,7,89.57142857142857
1,0,2,0,4,1,80.71428571428571
1,0,2,0,25,12,83.0
0,0,5,0,29,16,80.42857142857143
0,1,6,0,1,1,77.14285714285714
1,0,7,0,2,3,82.85714285714286
1,0,2,0,0,10,82.85714285714286
1,0,3,0,16,0,90.0
0,0,3,1,31,11,82.14285714285714
1,0,1,0,4,15,80.0
0,0,5,1,13,0,73.14285714285714
0,0,4,0,24,13,82.85714285714286
1,1,9,0,2,3,65.42857142857143
0,1,2,1,4,3,76.57142857142857
1,0,1,0,22,2,78.14285714285714
0,0,6,1,0,3,76.0
0,0,2,0,24,15,75.57142857142857
1,0,6,0,1,3,71.42857142857143
1,0,1,0,19,15,72.85714285714286
0,0,1,1,19,12,77.28571428571429
1,0,6,0,5,3,66.85714285714286
1,1,0,0,13,14,82.28571428571429
0,0,4,0,26,6,91.42857142857143
0,0,4,0,41,6,89.57142857142857
1,0,3,0,47,6,94.14285714285714
1,0,2,0,9,15,75.14285714285714
1,0,4,0,7,15,79.85714285714286
0,0,1,0,3,7,80.28571428571429
0,0,4,1,14,0,80.57142857142857
1,0,4,0,26,15,79.0
0,0,6,1,27,15,82.0
1,1,5,0,25,13,82.57142857142857
1,1,4,0,16,2,76.28571428571429
1,0,4,0,27,12,78.42857142857143
0,1,6,0,0,3,72.14285714285714
0,0,1,0,3,5,83.0
1,0,2,0,6,5,79.71428571428571
0,0,2,0,12,2,77.28571428571429
1,0,1,1,11,2,80.71428571428571
1,0,4,0,23,12,87.0
0,0,2,0,23,6,85.42857142857143
0,0,0,0,16,12,80.28571428571429
0,1,2,1,3,1,83.28571428571429
1,0,1,0,29,9,85.85714285714286
0,0,3,1,18,12,81.57142857142857
1,0,0,0,3,7,79.85714285714286
0,0,3,0,6,10,86.71428571428571
0,0,8,0,2,3,73.28571428571429
0,0,0,0,34,9,83.28571428571429
1,0,4,1,22,15,83.42857142857143
1,1,5,0,4,3,75.85714285714286
1,0,3,0,3,15,74.85714285714286
0,1,10,0,2,3,68.85714285714286
1,0,5,0,18,15,86.14285714285714
0,0,0,0,8,10,73.0
1,0,1,0,33,12,83.28571428571429
0,0,0,1,13,15,80.85714285714286
1,0,0,1,17,15,82.14285714285714
0,1,8,0,1,3,71.71428571428571
0,1,7,1,3,3,67.14285714285714
0,1,4,1,33,15,78.85714285714286
0,0,1,0,12,15,75.57142857142857
0,1,3,0,24,4,79.28571428571429
0,0,4,0,33,4,90.42857142857143
0,0,1,1,44,6,95.28571428571429
1,0,1,0,15,14,82.0
1,0,2,0,5,7,85.71428571428571
1,1,7,0,5,3,72.14285714285714
1,0,5,0,22,15,79.28571428571429
0,0,1,0,9,15,84.14285714285714
0,0,4,1,34,12,83.14285714285714
1,0,1,0,34,9,85.42857142857143
1,0,4,0,25,13,76.71428571428571
1,0,5,1,31,0,77.57142857142857
0,0,1,0,33,9,84.85714285714286
1,0,10,1,3,3,78.14285714285714
0,0,2,0,20,15,83.42857142857143
0,0,3,0,15,0,89.57142857142857
1,0,3,0,26,2,81.71428571428571
1,0,5,0,35,12,94.28571428571429
0,0,4,0,12,4,80.28571428571429
0,0,2,1,5,15,79.28571428571429
0,0,1,0,31,9,80.71428571428571
1,0,3,1,28,15,85.0
0,0,8,1,5,3,77.42857142857143
1,0,1,0,33,12,83.28571428571429
1,0,3,0,2,1,79.85714285714286
1,0,5,1,9,10,81.28571428571429
1,1,2,1,0,3,77.57142857142857
0,0,5,0,26,15,84.28571428571429
1,0,5,0,30,11,91.71428571428571
1,0,7,0,1,7,85.57142857142857
0,0,1,1,26,12,79.28571428571429
1,0,2,0,2,7,83.0
0,0,5,0,9,13,81.42857142857143
1,0,2,0,30,11,81.14285714285714
1,0,3,0,24,13,73.28571428571429
0,0,4,0,21,12,77.71428571428571
1,0,2,0,14,14,79.0
1,0,1,0,24,12,86.14285714285714
1,0,3,0,34,9,79.14285714285714
0,0,1,1,34,0,82.71428571428571
0,0,6,1,27,12,89.57142857142857
1,0,3,0,16,0,71.28571428571429
1,0,1,1,21,0,78.28571428571429
1,0,1,0,1,1,90.0
0,0,3,0,17,12,83.85714285714286
0,0,5,0,0,15,87.57142857142857
0,0,3,1,12,0,78.85714285714286
1,0,2,0,22,2,79.42857142857143
1,0,1,1,14,14,78.57142857142857
0,0,0,0,41,6,93.0
0,0,4,0,32,4,76.85714285714286
0,1,1,0,4,3,73.85714285714286
1,0,1,0,22,6,79.28571428571429
1,0,3,0,17,2,82.0
0,0,2,0,2,1,86.57142857142857
1,0,4,0,33,2,85.57142857142857
1,0,5,0,29,2,82.14285714285714
1,1,1,0,27,15,76.0
0,0,6,1,34,2,81.0
0,0,3,0,2,10,83.14285714285714
1,0,3,0,22,12,86.28571428571429
0,0,7,0,33,12,79.71428571428571
0,0,5,0,17,5,77.85714285714286
0,0,7,0,4,3,71.42857142857143
1,0,7,1,3,3,75.71428571428571
1,0,7,0,3,3,81.28571428571429
1,0,7,1,17,12,82.0
0,0,3,0,6,10,85.71428571428571
0,0,7,0,9,15,72.28571428571429
0,1,2,0,35,12,92.28571428571429
1,0,3,0,17,12,86.42857142857143
1,0,1,0,7,8,90.28571428571429
0,0,5,0,16,5,87.57142857142857
1,0,1,0,20,12,83.85714285714286
0,1,7,0,0,3,80.57142857142857
0,0,2,0,27,9,83.85714285714286
0,0,0,0,24,4,80.85714285714286
0,0,2,0,30,15,82.28571428571429
0,0,6,0,20,12,80.71428571428571
0,0,0,0,27,12,88.28571428571429
0,0,6,0,2,3,72.42857142857143
1,0,6,0,16,2,83.85714285714286
0,1,1,0,27,2,78.14285714285714
0,0,4,1,24,0,80.0
0,0,4,0,23,0,75.57142857142857
0,0,1,0,15,8,82.42857142857143
0,0,3,0,25,13,86.71428571428571
1,0,2,0,32,12,81.57142857142857
0,0,3,0,35,9,92.42857142857143
1,0,3,0,3,1,87.71428571428571
1,0,1,0,28,5,77.71428571428571
0,0,1,0,3,7,80.57142857142857
1,0,0,0,21,0,75.57142857142857
0,0,3,0,35,15,89.42857142857143
1,0,7,1,35,12,92.0
1,0,7,1,14,0,81.71428571428571
1,1,7,0,1,3,70.85714285714286
1,0,9,1,0,3,71.71428571428571
0,0,2,0,12,4,76.28571428571429
1,0,3,0,35,12,91.57142857142857
0,0,4,0,2,1,83.0
0,1,2,0,16,15,71.0
1,0,3,0,31,9,85.28571428571429
0,0,5,0,4,3,76.28571428571429
0,0,3,0,19,15,85.28571428571429
1,0,3,1,15,2,87.28571428571429
1,0,1,0,30,6,81.57142857142857
1,0,7,0,17,2,86.28571428571429
1,0,2,0,23,12,77.42857142857143
0,0,1,0,3,3,79.85714285714286
1,0,7,0,4,3,64.14285714285714
0,0,0,0,25,15,83.85714285714286
0,1,10,0,1,3,67.57142857142857
0,0,1,0,24,9,82.28571428571429
0,0,1,0,15,12,79.85714285714286
1,1,7,0,1,3,84.28571428571429
0,0,1,1,33,9,82.85714285714286
1,0,1,0,11,5,80.85714285714286
0,0,3,0,10,2,83.71428571428571
1,0,7,1,15,12,84.28571428571429
0,0,5,0,34,11,88.14285714285714
0,0,3,0,30,9,84.0
1,1,4,1,4,1,84.28571428571429
1,0,2,0,28,13,84.14285714285714
0,0,5,1,29,6,84.71428571428571
1,0,7,1,30,9,86.57142857142857
0,0,4,0,31,15,78.28571428571429
1,0,8,0,1,3,66.85714285714286
1,0,6,0,16,12,82.71428571428571
1,0,2,1,18,14,73.0
1,1,1,0,4,7,83.14285714285714
1,0,8,0,32,0,82.28571428571429
1,0,2,0,12,2,87.71428571428571
1,1,6,0,5,5,82.28571428571429
1,0,2,1,15,8,79.42857142857143
1,0,3,0,31,0,75.71428571428571
0,0,2,0,2,7,82.85714285714286
1,0,1,0,2,15,79.28571428571429
0,0,3,0,20,12,81.0
0,0,1,1,11,13,74.14285714285714
1,0,10,0,26,2,83.57142857142857
1,0,3,0,22,0,81.42857142857143
1,0,1,1,12,8,70.14285714285714
1,1,10,0,4,3,66.71428571428571
1,0,3,0,34,2,74.28571428571429
1,0,0,0,9,14,71.57142857142857
1,0,5,0,43,6,93.14285714285714
1,0,2,0,1,10,77.71428571428571
1,0,2,0,19,12,83.42857142857143
1,1,4,0,2,3,70.42857142857143
0,0,1,0,34,11,86.28571428571429
1,0,4,1,31,11,84.85714285714286
1,0,4,0,11,14,88.57142857142857
0,0,2,0,35,15,90.0
0,0,4,0,20,12,79.0
1,1,0,0,22,15,80.14285714285714
1,0,3,0,2,7,88.42857142857143
0,0,7,0,1,3,75.85714285714286
1,0,4,0,34,12,82.0
0,1,6,0,17,12,82.0
0,0,6,0,34,6,90.0
1,1,5,0,25,15,77.42857142857143
0,0,3,0,8,15,82.85714285714286
0,0,3,0,4,15,78.28571428571429
1,0,1,1,26,9,81.57142857142857
0,0,1,0,13,16,84.42857142857143
1,0,1,1,4,8,81.85714285714286
0,0,2,0,27,9,70.57142857142857
0,0,5,0,32,15,79.71428571428571
1,0,1,0,25,12,77.28571428571429
1,0,1,0,13,5,77.28571428571429
0,0,1,0,31,4,83.85714285714286
1,0,3,0,8,14,84.0
0,1,9,0,0,3,74.0
0,0,7,0,6,8,72.71428571428571
0,0,2,0,7,8,84.0
0,0,1,0,32,9,83.0
0,0,5,1,30,12,75.71428571428571
0,0,9,0,4,3,81.57142857142857
1,0,5,0,15,8,80.0
0,0,2,0,2,7,83.0
0,0,8,1,32,9,82.0
0,0,2,0,24,4,84.42857142857143
1,0,1,0,18,14,80.42857142857143
0,1,10,0,5,3,68.14285714285714
1,1,3,0,24,2,80.42857142857143
0,0,1,0,16,5,80.57142857142857
0,0,1,0,15,16,83.42857142857143
0,0,3,0,26,12,81.85714285714286
1,0,3,0,15,14,70.28571428571429
1,0,1,0,5,7,82.0
0,0,1,1,14,15,89.57142857142857
0,0,4,0,1,7,79.85714285714286
0,0,5,0,10,4,83.57142857142857
1,0,6,0,5,3,72.85714285714286
0,0,2,0,26,15,76.42857142857143
1,0,2,1,26,9,78.28571428571429
1,0,2,0,14,8,84.85714285714286
0,0,7,1,21,4,83.71428571428571
1,0,2,0,32,12,85.71428571428571
0,0,0,0,30,12,89.71428571428571
1,0,3,0,13,14,85.0
1,0,7,0,33,2,83.42857142857143
1,0,3,0,15,0,81.42857142857143
0,0,10,0,33,15,77.28571428571429
0,0,2,0,11,5,78.71428571428571
1,0,2,0,30,15,76.42857142857143
1,0,7,0,2,3,72.0
0,0,3,0,4,13,74.85714285714286
0,0,3,0,32,12,78.57142857142857
1,1,7,0,0,3,72.85714285714286
1,0,2,0,4,3,81.0
0,1,10,1,0,3,78.14285714285714
1,0,5,1,21,15,73.57142857142857
1,0,2,0,29,16,81.57142857142857
0,0,3,0,32,15,80.57142857142857
1,0,7,0,14,15,74.85714285714286
0,0,1,0,25,9,88.71428571428571
0,0,7,1,4,15,88.42857142857143
1,0,2,1,32,13,76.85714285714286
0,0,2,0,7,15,76.71428571428571
1,1,1,0,22,12,78.14285714285714
0,0,5,0,3,15,77.71428571428571
0,1,8,0,1,3,70.0
0,0,4,1,23,16,86.28571428571429
1,0,0,0,42,6,90.57142857142857
0,0,1,0,30,11,89.57142857142857
1,0,1,0,1,3,71.14285714285714
1,1,3,1,17,12,84.28571428571429
0,0,2,0,48,6,90.71428571428571
0,0,4,1,24,12,73.57142857142857
1,0,6,0,31,16,81.14285714285714
0,1,7,0,0,3,73.0
0,0,9,0,2,3,79.71428571428571
1,0,1,0,24,9,84.71428571428571
1,0,7,0,2,3,76.0
0,0,0,0,32,12,82.14285714285714
1,0,2,0,4,8,73.85714285714286
0,0,4,0,32,12,81.57142857142857
0,0,3,0,16,13,86.85714285714286
1,0,1,0,20,2,83.85714285714286
0,0,4,0,28,4,78.14285714285714
0,0,7,0,30,12,81.42857142857143
1,0,3,0,17,2,73.42857142857143
1,0,5,0,25,15,77.0
0,0,5,0,18,0,77.14285714285714
0,1,1,0,23,12,76.14285714285714
0,0,4,1,23,12,82.0
1,0,6,0,21,12,88.85714285714286
1,0,3,0,27,12,87.42857142857143
1,0,5,0,14,12,80.28571428571429
0,0,2,1,37,6,94.0
0,0,3,0,29,0,74.71428571428571
0,1,6,0,4,3,65.42857142857143
1,0,3,0,16,2,81.14285714285714
1,0,4,0,30,0,77.42857142857143
0,1,7,0,1,3,72.0
0,0,3,1,24,12,90.42857142857143
1,0,2,0,35,16,94.28571428571429
1,0,1,0,14,14,79.28571428571429
1,0,1,0,3,5,79.57142857142857
1,0,4,0,15,0,78.14285714285714
0,0,5,0,23,12,80.42857142857143
0,0,6,0,19,15,81.57142857142857
0,0,3,0,33,6,89.71428571428571
1,0,0,0,14,2,79.28571428571429
1,0,1,1,0,1,77.42857142857143
1,0,1,0,34,9,82.28571428571429
0,0,5,0,33,11,93.0
1,0,7,0,7,13,80.57142857142857
0,0,2,0,18,12,81.71428571428571
0,0,9,0,4,3,64.14285714285714
0,0,6,0,10,10,74.42857142857143
0,1,2,0,22,12,86.85714285714286
1,0,5,0,28,13,86.28571428571429
0,0,2,0,2,10,78.57142857142857
1,0,1,0,0,3,75.71428571428571
0,0,3,0,24,6,86.57142857142857
0,0,2,0,15,4,81.71428571428571
1,1,2,0,1,1,80.71428571428571
0,0,1,0,8,13,84.28571428571429
1,0,7,0,9,14,71.42857142857143
0,0,4,0,33,12,83.71428571428571
1,0,3,0,32,0,76.57142857142857
1,1,9,0,4,3,81.0
0,0,2,0,2,3,66.42857142857143
0,0,3,0,20,5,76.85714285714286
1,0,1,0,21,12,89.14285714285714
1,0,3,0,29,9,86.57142857142857
1,0,3,0,13,15,77.57142857142857
0,0,1,0,24,0,82.57142857142857
0,0,7,0,30,6,89.57142857142857
0,0,1,0,25,13,85.71428571428571
0,0,1,0,1,5,90.57142857142857
0,0,4,0,27,12,79.42857142857143
0,0,0,1,4,10,73.42857142857143
1,0,2,1,32,2,78.71428571428571
1,0,1,0,1,1,82.71428571428571
1,0,2,0,32,5,82.42857142857143
1,0,1,1,4,10,81.0
0,0,4,0,28,12,82.14285714285714
1,0,3,1,32,9,83.28571428571429
1,0,1,0,33,6,81.0
0,1,2,0,4,3,78.71428571428571
0,0,1,0,31,12,79.57142857142857
0,0,5,0,17,4,81.57142857142857
0,0,2,0,23,6,88.57142857142857
1,0,0,0,29,12,80.85714285714286
0,0,2,0,19,12,84.28571428571429
0,1,4,1,26,2,75.85714285714286
1,0,7,0,7,10,92.85714285714286
1,0,6,0,4,10,74.0
0,0,6,0,22,6,89.0
0,1,6,1,4,3,78.28571428571429
1,0,3,0,29,9,86.85714285714286
0,0,8,1,21,13,79.14285714285714
1,0,3,0,5,10,77.71428571428571
0,0,5,0,15,15,78.57142857142857
0,0,3,1,10,15,85.0
1,1,7,0,2,3,75.28571428571429
1,0,4,1,0,10,76.85714285714286
0,0,5,1,3,1,79.42857142857143
1,0,6,1,1,15,81.71428571428571
1,0,3,1,26,0,78.28571428571429
1,1,5,0,2,3,75.42857142857143
1,0,3,0,21,15,87.28571428571429
1,0,10,0,5,3,75.57142857142857
1,1,10,0,5,3,81.71428571428571
1,0,5,0,0,3,78.42857142857143
1,0,5,1,10,14,75.71428571428571
0,0,5,0,2,1,79.57142857142857
1,0,5,1,24,2,81.57142857142857
0,0,4,0,46,6,92.57142857142857
0,0,3,0,31,16,84.42857142857143
0,0,1,0,33,9,78.42857142857143
1,0,5,0,26,13,79.28571428571429
0,0,2,0,19,0,82.14285714285714
0,0,3,0,25,12,77.28571428571429
1,0,3,0,24,0,85.85714285714286
0,0,1,0,21,13,89.14285714285714
1,1,8,1,0,3,80.42857142857143
0,0,4,0,30,2,88.28571428571429
1,0,4,0,32,12,79.57142857142857
1,0,8,0,15,15,81.71428571428571
1,0,6,0,15,8,88.57142857142857
1,0,3,1,4,7,92.28571428571429
0,0,1,1,27,12,76.42857142857143
0,0,5,0,33,4,82.42857142857143
0,0,7,0,25,12,80.28571428571429
1,0,0,0,29,9,78.42857142857143
1,0,2,0,13,15,75.14285714285714
1,0,3,0,49,6,93.71428571428571
0,0,6,0,34,9,76.85714285714286
0,1,4,0,28,4,82.0
1,0,2,0,44,6,93.0
1,0,1,0,14,12,84.85714285714286
1,0,4,0,1,10,78.14285714285714
0,0,6,0,22,12,81.14285714285714
1,0,2,0,11,14,84.42857142857143
1,0,3,0,2,15,74.14285714285714
1,0,9,0,3,3,70.57142857142857
1,0,5,0,28,2,88.57142857142857
0,1,2,0,0,3,74.28571428571429
0,0,5,0,22,2,86.85714285714286
1,1,8,0,3,3,81.42857142857143
0,0,2,0,25,15,81.14285714285714
1,0,3,1,1,3,63.142857142857146
1,0,7,0,37,6,93.42857142857143
1,0,3,1,28,12,79.0
1,0,3,0,30,11,89.28571428571429
0,0,1,0,19,13,83.14285714285714
0,1,7,0,2,3,74.71428571428571
1,1,4,0,26,15,75.14285714285714
0,0,10,1,0,3,69.28571428571429
0,0,4,0,5,7,77.85714285714286
1,0,0,0,17,12,83.42857142857143
0,0,2,0,26,9,85.14285714285714
0,0,2,0,32,15,79.42857142857143
1,0,6,1,16,12,86.28571428571429
1,1,8,0,2,3,67.85714285714286
0,0,2,0,35,4,95.0
1,0,0,0,17,0,81.85714285714286
1,0,9,0,3,3,82.0
1,1,3,0,47,6,92.71428571428571
0,0,0,0,29,9,81.57142857142857
1,0,10,0,5,3,71.14285714285714
0,0,3,1,12,5,81.85714285714286
0,0,2,0,35,6,94.71428571428571
1,1,0,0,3,7,80.57142857142857
0,1,8,0,2,3,80.0
0,0,10,0,35,12,95.71428571428571
0,1,1,0,7,8,87.28571428571429
1,0,4,0,15,12,78.28571428571429
1,0,1,0,3,13,84.42857142857143
0,0,2,0,35,15,94.14285714285714
0,0,3,1,28,9,85.42857142857143
1,0,9,0,4,3,78.14285714285714
0,0,1,1,4,1,76.71428571428571
0,0,3,1,16,12,72.14285714285714
0,0,1,0,26,0,75.85714285714286
0,0,3,0,30,15,84.57142857142857
1,1,6,0,2,3,78.85714285714286
1,0,2,0,34,12,81.71428571428571
0,0,10,0,0,3,78.42857142857143
1,0,10,1,3,1,85.85714285714286
0,0,2,0,30,12,89.0
0,1,3,1,15,4,83.42857142857143
0,0,8,1,1,3,77.14285714285714
0,0,3,1,6,8,83.14285714285714
1,0,7,1,1,7,89.42857142857143
0,1,9,1,5,3,70.14285714285714
0,0,1,0,30,2,82.85714285714286
0,0,3,1,8,8,76.0
0,1,9,0,5,3,66.71428571428571
1,0,1,0,5,1,84.85714285714286
0,0,4,0,4,8,82.71428571428571
1,0,1,0,47,6,90.0
1,0,3,1,16,13,78.0
0,1,5,0,3,3,71.71428571428571
1,0,5,1,32,11,87.85714285714286
1,0,2,0,31,2,85.14285714285714
0,0,3,0,6,10,78.0
1,0,3,0,16,15,77.57142857142857
0,0,6,0,34,9,83.42857142857143
0,0,3,0,26,12,78.42857142857143
1,0,6,0,21,2,77.71428571428571
0,0,3,0,46,6,92.28571428571429
1,0,6,0,48,6,91.57142857142857
0,1,1,0,46,6,92.85714285714286
1,1,3,0,28,15,82.14285714285714
0,1,4,0,2,15,80.57142857142857
0,1,0,0,32,13,81.42857142857143
0,1,10,0,5,3,76.42857142857143
1,0,4,0,31,9,85.71428571428571
0,0,4,1,1,1,81.85714285714286
1,1,9,1,4,3,71.0
0,0,2,1,8,10,80.42857142857143
1,0,3,1,23,0,77.42857142857143
1,0,1,0,23,6,87.71428571428571
0,0,1,0,28,9,89.14285714285714
1,0,1,0,7,15,76.71428571428571
1,0,0,0,5,1,93.42857142857143
1,0,2,0,4,15,75.14285714285714
1,0,2,0,26,15,73.57142857142857
1,0,4,1,33,9,85.71428571428571
1,0,4,1,34,9,83.28571428571429
1,1,4,0,16,0,76.42857142857143
0,0,4,0,3,3,75.71428571428571
0,0,3,0,25,9,83.85714285714286
1,0,0,0,4,13,82.85714285714286
0,0,0,0,4,10,84.14285714285714
1,0,3,0,21,12,82.14285714285714
1,0,7,0,4,3,83.0
1,0,3,0,24,16,80.28571428571429
0,0,2,0,16,15,82.57142857142857
0,0,10,0,2,3,68.0
0,0,3,0,35,12,89.85714285714286
0,0,2,0,24,6,89.14285714285714
0,0,2,1,46,6,91.0
1,0,6,0,1,3,69.85714285714286
0,0,5,0,26,15,81.71428571428571
0,0,1,0,5,15,75.0
1,1,5,0,17,14,83.57142857142857
0,0,3,0,4,1,76.71428571428571
0,0,6,0,27,9,83.28571428571429
0,0,3,0,0,1,72.85714285714286
0,0,6,1,16,0,67.57142857142857
0,0,6,1,14,15,74.57142857142857
1,1,2,0,5,10,80.57142857142857
1,0,3,1,31,2,77.42857142857143
1,0,2,1,4,1,88.28571428571429
0,0,1,0,5,1,75.85714285714286
1,0,1,0,11,16,85.85714285714286
0,0,8,1,12,15,75.57142857142857
1,0,0,0,5,7,76.42857142857143
1,1,6,0,1,3,75.42857142857143
0,0,5,0,2,1,86.71428571428571
1,1,10,0,1,3,79.14285714285714
1,0,2,1,30,13,79.14285714285714
0,0,6,0,0,3,76.57142857142857
1,0,2,1,6,15,82.0
0,0,6,1,24,0,72.42857142857143
1,0,7,0,26,9,82.42857142857143
0,0,7,0,0,3,81.85714285714286
0,0,1,0,18,12,73.14285714285714
0,0,4,0,20,12,83.14285714285714
1,0,0,0,23,12,86.28571428571429
0,1,4,0,4,3,81.42857142857143
1,0,4,0,30,2,81.71428571428571
1,0,4,0,34,2,76.0
1,0,1,0,26,0,78.0
0,0,5,0,27,9,85.14285714285714
1,0,1,1,18,12,78.0
1,0,4,0,39,6,91.71428571428571
1,0,7,1,29,2,80.42857142857143
0,0,0,1,27,6,90.71428571428571
0,1,3,1,17,12,75.71428571428571
1,1,5,1,31,2,82.28571428571429
1,1,4,0,13,2,77.71428571428571
1,0,4,1,12,2,86.42857142857143
0,1,10,0,0,3,87.85714285714286
0,0,2,1,21,4,81.85714285714286
1,1,3,0,28,9,90.71428571428571
1,1,8,0,35,0,90.14285714285714
0,0,9,1,24,9,78.14285714285714
0,0,1,0,28,0,82.0
0,0,9,0,0,3,72.0
1,1,6,0,0,3,79.0
0,0,2,0,3,10,80.57142857142857
1,0,3,0,16,15,78.14285714285714
1,0,2,0,26,9,87.0
1,1,10,1,4,3,65.14285714285714
0,0,2,0,24,4,89.0
0,0,5,1,22,12,83.42857142857143
1,1,2,0,14,12,77.14285714285714
0,0,2,0,21,15,83.57142857142857
0,0,4,0,29,9,87.57142857142857
1,0,6,0,3,3,77.42857142857143
0,0,2,0,4,5,80.42857142857143
0,0,5,0,19,0,80.42857142857143
0,0,3,0,33,12,79.57142857142857
1,0,1,0,24,0,73.28571428571429
0,0,4,0,29,15,78.14285714285714
0,0,1,1,27,9,87.85714285714286
1,0,2,0,20,15,79.57142857142857
1,0,0,0,35,0,90.42857142857143
1,0,0,0,29,6,83.85714285714286
0,0,2,1,0,1,77.85714285714286
0,0,3,0,10,15,76.0
0,0,1,1,29,4,82.42857142857143
0,0,0,1,17,12,85.71428571428571
0,1,10,0,1,3,72.85714285714286
1,0,1,0,14,14,77.14285714285714
0,0,1,0,24,15,76.28571428571429
0,0,2,0,35,4,94.14285714285714
0,0,3,0,19,4,93.42857142857143
0,0,6,0,23,2,79.71428571428571
0,0,9,0,14,4,81.28571428571429
0,0,2,0,21,2,76.57142857142857
0,0,6,0,18,15,84.0
1,0,2,1,16,16,92.57142857142857
1,0,4,0,2,15,77.14285714285714
0,0,5,1,16,15,75.28571428571429
1,0,0,0,29,12,78.0
0,0,5,0,35,0,91.71428571428571
0,0,2,0,11,2,88.14285714285714
0,0,3,0,4,1,75.0
1,0,0,0,15,14,79.28571428571429
0,1,10,0,25,2,83.0
1,0,1,0,31,0,67.28571428571429
1,0,7,0,30,6,81.85714285714286
1,0,3,0,17,14,92.28571428571429
1,0,10,0,0,3,79.85714285714286
1,1,2,0,10,8,87.42857142857143
1,0,2,0,22,16,79.0
0,0,3,0,16,12,83.14285714285714
1,0,2,0,11,15,77.28571428571429
1,0,3,0,35,12,95.0
0,0,1,0,25,13,82.42857142857143
1,0,9,0,5,3,79.71428571428571
0,0,2,1,35,15,94.57142857142857
0,0,4,0,15,2,79.42857142857143
0,0,4,1,21,2,83.71428571428571
1,0,2,0,3,5,82.14285714285714
1,0,1,0,1,10,84.42857142857143
1,0,1,0,32,12,86.42857142857143
0,0,6,1,25,9,80.85714285714286
1,0,9,0,26,9,84.85714285714286
1,1,7,0,34,9,80.85714285714286
0,0,2,1,25,13,89.57142857142857
0,1,10,0,3,3,77.28571428571429
0,1,3,0,12,13,77.0
0,0,1,0,25,15,81.28571428571429
0,0,6,0,50,6,90.85714285714286
1,0,7,0,15,5,91.28571428571429
1,0,0,0,34,12,88.0
1,0,6,0,27,13,92.28571428571429
1,0,1,0,5,7,80.28571428571429
0,0,10,1,0,3,72.85714285714286
0,0,5,0,15,12,79.0
1,0,2,1,31,11,84.14285714285714
1,0,6,0,0,1,74.28571428571429
0,1,1,0,5,3,81.71428571428571
0,0,3,0,35,12,93.85714285714286
0,0,0,0,27,15,81.0
1,1,7,0,1,3,73.57142857142857
0,1,6,0,2,3,77.14285714285714
1,0,10,0,34,12,92.0
0,1,2,1,18,12,72.57142857142857
0,0,1,0,14,12,76.42857142857143
1,0,1,0,6,5,84.71428571428571
0,0,5,1,2,1,86.57142857142857
0,0,2,0,19,12,87.0
1,0,1,0,1,1,73.85714285714286
1,0,2,0,13,2,86.28571428571429
1,1,8,0,3,3,80.42857142857143
0,0,2,0,21,2,83.85714285714286
1,1,2,0,29,5,79.57142857142857
1,0,0,1,11,8,78.42857142857143
0,0,3,0,23,6,84.57142857142857
0,1,2,0,30,12,87.14285714285714
1,0,1,0,13,0,82.28571428571429
0,0,4,0,19,4,79.85714285714286
1,0,5,0,33,12,83.0
0,0,2,0,21,12,80.28571428571429
1,0,7,0,31,11,85.85714285714286
0,0,6,0,3,3,63.857142857142854
1,1,7,0,3,3,66.42857142857143
0,1,0,0,30,15,81.71428571428571
1,1,5,1,1,3,74.14285714285714
1,0,0,1,8,15,79.14285714285714
0,0,2,0,29,12,81.0
1,0,2,0,18,0,70.57142857142857
1,0,6,1,4,7,86.0
1,0,1,0,10,15,71.71428571428571
1,0,2,0,32,2,73.14285714285714
1,0,1,0,32,9,85.57142857142857
0,0,2,1,16,12,76.0
0,0,6,0,35,15,95.85714285714286
1,0,8,0,2,3,84.28571428571429
1,0,3,0,27,15,74.57142857142857
0,0,3,0,28,12,75.14285714285714
0,0,2,0,2,10,69.71428571428571
0,0,3,0,42,6,91.42857142857143
0,0,7,0,31,2,81.42857142857143
0,0,3,0,15,0,87.0
0,0,7,0,1,3,69.28571428571429
1,0,5,0,10,14,81.0
1,0,5,0,40,6,91.0
0,0,8,0,40,6,93.0
1,0,0,0,8,10,77.0
1,0,2,0,22,15,81.42857142857143
1,0,3,0,21,15,68.57142857142857
0,0,7,0,31,9,91.28571428571429
0,0,1,0,10,8,87.71428571428571
1,0,3,1,35,2,96.14285714285714
0,0,3,0,14,2,88.85714285714286
0,0,2,0,7,8,85.28571428571429
0,0,5,0,4,3,78.85714285714286
1,0,4,1,14,14,83.28571428571429
1,0,1,1,29,12,81.85714285714286
1,1,3,0,20,0,73.85714285714286
1,0,3,1,24,12,82.14285714285714
1,0,3,1,27,12,82.0
1,0,3,0,31,12,75.71428571428571
1,0,4,0,27,9,78.0
0,0,2,0,23,15,79.0
1,0,10,0,0,3,81.14285714285714
1,0,2,0,35,11,94.71428571428571
0,0,1,1,33,15,87.71428571428571
0,0,5,1,11,2,82.57142857142857
1,0,9,0,10,2,82.71428571428571
0,1,6,0,3,3,70.57142857142857
0,0,3,0,5,10,78.14285714285714
0,0,5,0,34,12,85.57142857142857
1,0,7,0,15,0,76.28571428571429
1,0,1,0,20,12,80.14285714285714
0,0,1,0,3,8,83.57142857142857
0,1,2,1,2,3,63.285714285714285
1,0,1,0,27,2,85.14285714285714
0,1,0,0,29,12,72.42857142857143
1,0,1,1,2,1,71.71428571428571
1,0,5,0,9,5,85.14285714285714
0,0,7,0,14,4,87.14285714285714
0,0,8,0,25,6,80.0
0,0,1,1,9,15,78.0
0,1,9,0,2,3,68.71428571428571
0,0,5,0,31,9,78.57142857142857
0,0,5,0,3,5,87.57142857142857
1,0,5,0,12,5,81.0
0,0,5,0,5,3,74.14285714285714
1,0,10,0,11,8,87.57142857142857
0,0,2,0,4,7,79.42857142857143
0,0,2,0,25,15,82.0
0,0,1,0,33,15,80.57142857142857
0,1,1,0,24,15,83.71428571428571
1,0,3,0,0,1,79.42857142857143
0,1,6,0,0,3,80.85714285714286
1,0,2,0,3,8,81.71428571428571
0,0,2,0,26,9,92.71428571428571
0,0,7,0,31,4,82.28571428571429
1,0,4,0,20,12,81.0
1,0,1,0,9,15,79.85714285714286
1,0,10,1,15,12,80.57142857142857
0,0,10,0,1,3,73.85714285714286
0,1,1,1,4,3,80.57142857142857
0,0,3,1,2,10,82.28571428571429
1,0,5,0,32,12,89.57142857142857
0,1,7,0,2,3,78.71428571428571
1,1,1,0,2,7,80.28571428571429
1,0,6,0,19,2,80.42857142857143
0,0,4,0,12,0,82.71428571428571
0,0,10,0,5,3,78.57142857142857
1,0,4,0,22,0,80.71428571428571
0,1,7,0,1,3,67.28571428571429
0,0,0,0,21,12,79.85714285714286
1,1,4,0,5,3,79.71428571428571
1,0,3,1,5,10,79.57142857142857
1,0,2,0,8,15,87.42857142857143
0,0,4,0,25,12,76.71428571428571
0,0,5,0,34,11,80.71428571428571
0,0,3,0,0,10,80.85714285714286
1,0,0,0,34,12,77.71428571428571
0,0,2,0,31,9,85.28571428571429
1,1,7,0,1,3,85.0
1,0,1,1,28,9,85.0
0,1,4,0,5,3,64.42857142857143
1,0,1,0,26,12,75.71428571428571
0,0,1,0,21,15,79.71428571428571
0,0,4,0,22,12,77.71428571428571
1,0,3,0,30,15,76.85714285714286
1,1,7,0,2,3,74.42857142857143
0,0,5,0,24,12,80.71428571428571
0,0,10,0,15,0,75.85714285714286
0,0,1,0,24,12,81.0
0,0,5,0,3,8,84.57142857142857
0,1,6,1,4,3,77.71428571428571
1,0,5,0,42,6,93.28571428571429
1,0,6,0,24,0,85.0
1,0,1,0,0,10,84.28571428571429
1,0,3,0,4,10,80.28571428571429
1,0,3,0,25,12,91.42857142857143
1,1,1,1,1,1,69.14285714285714
0,0,5,0,35,9,93.42857142857143
0,0,7,0,20,12,81.85714285714286
1,0,7,0,11,15,77.0
0,1,3,0,21,15,79.14285714285714
0,1,9,0,1,3,66.28571428571429
1,0,3,0,15,12,78.0
0,0,1,0,33,12,87.42857142857143
1,1,10,0,4,3,76.28571428571429
0,0,2,1,24,12,77.57142857142857
1,0,1,0,13,2,81.28571428571429
0,1,6,0,5,3,76.42857142857143
0,0,1,1,12,8,86.42857142857143
0,0,4,1,8,10,82.71428571428571
1,0,2,0,8,14,80.0
0,0,5,0,8,10,80.42857142857143
1,1,4,1,0,3,74.28571428571429
1,0,5,0,14,5,84.71428571428571
1,1,4,1,3,3,67.71428571428571
0,0,2,0,19,13,79.42857142857143
0,0,4,0,29,15,80.28571428571429
1,1,7,1,0,3,74.57142857142857
0,0,7,0,5,10,74.57142857142857
1,0,6,0,4,3,61.42857142857143
1,0,7,0,1,3,89.0
0,0,8,1,12,13,85.42857142857143
1,0,3,0,27,12,90.28571428571429
1,0,4,1,12,2,85.85714285714286
0,0,3,0,21,2,81.71428571428571
1,0,9,0,15,14,79.85714285714286
1,0,3,0,26,12,78.57142857142857
1,1,10,0,3,3,74.85714285714286
1,0,1,0,31,9,81.57142857142857
0,0,9,0,31,11,84.42857142857143
0,0,3,0,3,15,74.71428571428571
1,0,8,0,16,12,81.71428571428571
0,0,5,0,29,9,79.42857142857143
0,0,4,0,31,12,74.0
0,0,1,0,46,6,93.85714285714286
1,0,1,0,24,12,77.85714285714286
1,0,2,0,2,10,80.71428571428571
0,1,10,0,2,3,78.42857142857143
1,0,3,0,9,14,80.28571428571429
1,1,7,0,0,3,75.14285714285714
0,0,8,0,4,3,74.57142857142857
1,0,6,0,4,3,68.14285714285714
0,0,4,0,34,12,81.57142857142857
0,0,2,0,34,15,82.85714285714286
0,0,5,0,32,12,86.28571428571429
1,1,4,0,23,12,80.42857142857143
0,0,2,1,20,12,80.0
1,0,1,0,5,1,70.14285714285714
1,0,5,1,15,12,76.42857142857143
0,0,3,0,21,5,79.28571428571429
0,0,1,0,30,12,89.28571428571429
0,0,3,1,15,0,85.71428571428571
0,0,6,1,18,2,77.85714285714286
1,1,10,0,4,3,73.85714285714286
0,0,3,0,24,0,75.85714285714286
0,0,3,0,15,2,83.85714285714286
1,0,3,0,2,1,78.28571428571429
1,0,6,0,14,12,85.28571428571429
0,0,1,0,5,3,80.71428571428571
1,0,5,0,0,10,80.14285714285714
1,0,1,0,10,10,79.0
1,1,5,0,2,3,74.14285714285714
0,0,3,0,30,9,78.57142857142857
1,0,7,0,28,6,86.85714285714286
1,0,0,1,29,9,78.0
1,0,0,0,35,12,90.85714285714286
1,0,1,0,12,2,82.0
0,1,3,0,32,13,84.42857142857143
0,0,2,0,27,0,77.85714285714286
1,0,4,0,25,15,82.14285714285714
0,0,10,0,11,15,83.42857142857143
0,0,3,0,2,7,81.0
1,0,2,0,24,2,83.85714285714286
1,0,4,0,16,0,80.14285714285714
0,0,7,1,1,1,81.42857142857143
0,0,0,0,2,7,74.71428571428571
1,0,1,0,35,16,92.85714285714286
1,0,0,0,5,15,82.85714285714286
1,0,4,0,14,0,77.14285714285714
1,0,2,0,26,15,80.0
0,0,3,0,41,6,92.42857142857143
1,0,2,1,6,15,84.14285714285714
0,0,3,0,35,12,91.42857142857143
0,0,0,1,30,4,85.28571428571429
0,0,2,1,12,2,82.85714285714286
1,0,2,0,29,12,75.14285714285714
1,1,9,1,4,3,73.14285714285714
1,1,2,0,0,1,82.42857142857143
0,0,3,0,17,12,74.71428571428571
1,0,1,1,20,12,84.0
1,0,2,0,35,11,90.57142857142857
0,0,2,0,26,12,80.85714285714286
1,0,3,1,24,15,83.57142857142857
1,1,6,0,0,3,74.85714285714286
0,0,7,0,32,4,80.0
0,0,4,1,4,10,83.57142857142857
0,0,3,0,34,11,85.0
1,1,3,0,29,12,77.14285714285714
0,0,2,1,35,15,95.14285714285714
1,0,5,0,23,12,86.28571428571429
0,1,8,0,5,3,75.71428571428571
1,0,0,0,1,7,85.28571428571429
0,0,1,0,31,2,84.14285714285714
1,0,1,1,14,15,76.14285714285714
0,0,6,0,3,3,80.28571428571429
0,1,2,0,18,12,81.0
0,0,1,1,47,6,92.71428571428571
1,0,2,0,4,7,77.14285714285714
0,1,1,1,32,12,89.42857142857143
0,0,3,1,20,0,84.0
1,1,6,0,3,3,76.57142857142857
0,1,5,0,19,12,79.42857142857143
0,0,1,1,5,10,75.14285714285714
0,0,10,1,0,3,66.71428571428571
1,0,10,1,9,10,86.71428571428571
1,0,10,0,4,3,78.14285714285714
0,0,3,0,22,12,84.14285714285714
1,0,9,0,3,3,81.57142857142857
1,0,3,0,33,11,90.57142857142857
0,0,0,0,13,4,79.57142857142857
0,0,0,0,19,15,78.14285714285714
1,0,2,1,10,10,78.42857142857143
1,1,2,0,29,15,71.0
0,0,3,1,31,9,81.71428571428571
0,0,3,1,3,7,82.71428571428571
1,0,0,1,29,2,81.42857142857143
0,1,3,0,34,15,78.0
0,1,10,0,4,3,74.28571428571429
0,0,3,0,34,5,79.71428571428571
0,0,2,0,30,12,82.57142857142857
1,0,3,0,18,15,75.85714285714286
0,0,3,0,32,0,74.14285714285714
0,0,1,0,31,12,82.42857142857143
0,0,10,0,0,3,74.28571428571429
0,0,7,0,3,7,82.14285714285714
1,0,3,1,5,1,78.85714285714286
0,0,3,1,24,4,73.71428571428571
1,0,4,0,27,0,80.57142857142857
0,0,1,1,21,12,79.85714285714286
1,0,4,0,32,2,77.57142857142857
1,1,7,0,5,3,76.28571428571429
1,0,7,0,7,15,84.0
0,1,8,0,1,3,79.0
1,0,3,0,22,2,78.42857142857143
0,0,5,1,15,0,70.71428571428571
0,0,1,0,12,8,78.28571428571429
0,0,3,1,21,15,82.57142857142857
0,1,5,0,24,13,86.42857142857143
1,0,7,0,18,0,79.14285714285714
1,0,6,0,4,8,88.42857142857143
0,1,6,0,5,3,68.57142857142857
1,1,7,0,32,16,83.0
0,0,8,1,0,1,87.42857142857143
1,0,2,0,34,11,86.0
1,0,5,0,28,9,82.14285714285714
0,1,1,1,30,6,86.14285714285714
0,0,8,0,31,9,82.71428571428571
0,0,3,1,33,12,84.71428571428571
1,0,2,0,28,2,83.14285714285714
0,0,2,0,31,2,81.28571428571429
0,1,3,0,7,8,84.0
1,0,6,0,28,9,75.57142857142857
1,0,4,1,44,6,93.42857142857143
1,1,0,0,13,15,84.85714285714286
0,0,2,0,15,2,82.57142857142857
1,0,3,0,16,0,82.0
1,0,1,0,18,2,71.14285714285714
1,0,1,0,28,15,87.42857142857143
1,0,5,0,29,9,80.71428571428571
1,0,8,0,30,9,87.71428571428571
1,0,1,1,32,12,82.57142857142857
1,0,0,0,19,12,83.85714285714286
1,0,2,0,18,12,82.85714285714286
1,0,5,0,23,6,86.71428571428571
0,0,7,0,16,2,81.42857142857143
1,1,8,0,1,3,72.28571428571429
0,1,1,0,35,11,91.0
0,0,3,0,32,15,76.71428571428571
0,0,0,0,31,15,80.71428571428571
0,0,10,0,0,3,77.85714285714286
0,0,3,0,24,2,84.28571428571429
1,0,4,0,13,0,76.0
0,0,1,0,4,15,76.42857142857143
1,0,1,0,1,3,78.71428571428571
1,0,5,0,27,15,74.85714285714286
1,1,7,0,4,3,65.42857142857143
0,0,7,0,8,13,72.42857142857143
0,0,1,1,35,11,88.57142857142857
0,0,2,1,7,10,78.14285714285714
1,0,9,0,4,3,70.85714285714286
0,0,2,0,25,15,77.14285714285714
0,0,2,0,28,12,82.85714285714286
0,0,4,0,19,13,82.0
0,0,2,0,16,12,82.42857142857143
1,0,3,0,6,15,73.42857142857143
1,1,5,0,4,3,88.42857142857143
0,0,9,0,34,9,82.71428571428571
0,1,3,0,31,9,85.71428571428571
0,0,2,0,27,12,78.71428571428571
1,0,4,0,22,12,83.14285714285714
1,0,3,1,25,2,78.57142857142857
1,0,3,0,19,0,74.71428571428571
0,0,1,0,28,9,77.57142857142857
0,1,3,1,34,11,82.14285714285714
0,0,10,0,5,3,78.0
0,1,1,0,34,9,86.42857142857143
0,0,7,0,34,2,79.85714285714286
1,0,0,0,19,12,82.57142857142857
0,0,0,0,13,0,77.71428571428571
0,0,3,0,18,0,82.57142857142857
1,0,5,0,1,7,78.42857142857143
0,0,1,0,29,15,84.57142857142857
0,0,5,0,34,12,76.28571428571429
1,0,1,0,31,11,91.0
0,0,2,0,14,0,81.57142857142857
1,0,6,1,32,9,78.71428571428571
0,0,10,0,5,3,76.14285714285714
1,0,5,0,33,12,79.14285714285714
0,0,1,0,32,11,84.85714285714286
1,0,0,0,11,14,77.28571428571429
0,0,0,0,12,2,82.42857142857143
0,0,2,0,24,2,82.57142857142857
0,0,2,1,29,2,79.71428571428571
1,0,0,0,33,0,80.71428571428571
0,0,0,0,13,4,91.0
1,0,3,0,10,14,85.71428571428571
1,0,3,0,38,6,91.42857142857143
0,0,2,0,5,10,85.28571428571429
1,0,3,1,35,15,94.28571428571429
1,1,10,0,1,3,84.28571428571429
0,0,2,0,21,12,80.28571428571429
1,0,6,0,5,15,87.0
1,1,1,1,15,2,81.14285714285714
1,0,3,0,28,6,91.85714285714286
1,0,1,0,5,10,78.28571428571429
0,0,2,0,35,6,95.28571428571429
1,0,8,1,28,2,73.71428571428571
0,0,2,0,16,4,82.57142857142857
0,0,2,0,29,15,75.14285714285714
0,0,10,0,3,3,73.28571428571429
0,0,6,0,35,4,91.85714285714286
1,0,2,0,29,15,74.71428571428571
1,0,3,1,14,0,91.14285714285714
0,0,2,0,11,2,78.0
0,0,2,1,1,7,85.28571428571429
1,0,4,0,14,14,87.57142857142857
1,0,4,1,11,5,81.57142857142857
1,0,3,0,28,9,82.85714285714286
0,0,6,0,18,12,86.57142857142857
1,0,1,0,31,16,77.85714285714286
1,1,6,0,2,3,66.28571428571429
1,0,0,0,32,0,81.42857142857143
1,0,3,0,3,10,81.28571428571429
1,1,1,0,33,0,86.14285714285714
1,0,3,0,4,3,68.28571428571429
1,1,4,0,0,3,78.14285714285714
1,0,2,0,10,13,86.14285714285714
1,0,8,0,11,2,78.0
0,0,3,0,5,7,80.14285714285714
0,0,4,0,33,6,86.42857142857143
1,0,2,1,29,12,87.85714285714286
0,0,3,0,26,15,76.42857142857143
0,0,1,0,25,13,76.28571428571429
0,0,2,1,30,15,77.28571428571429
0,0,2,0,13,15,79.14285714285714
1,0,1,0,25,12,82.57142857142857
1,0,0,0,15,14,81.85714285714286
0,0,6,0,10,2,84.28571428571429
1,1,3,1,0,1,82.28571428571429
0,1,1,0,17,5,87.42857142857143
1,1,5,0,4,3,76.42857142857143
0,0,3,0,32,9,79.0
1,0,5,0,34,0,72.85714285714286
1,0,7,0,8,8,78.85714285714286
1,0,1,1,3,15,65.57142857142857
0,0,1,1,3,3,85.71428571428571
1,1,9,0,4,3,67.0
1,0,1,0,2,1,83.0
0,0,0,0,0,10,82.71428571428571
0,0,5,1,3,7,80.85714285714286
1,0,4,0,4,1,83.14285714285714
0,0,3,0,21,4,82.85714285714286
0,0,3,0,4,7,79.0
0,0,5,1,1,3,78.14285714285714
1,0,7,0,49,6,94.57142857142857
1,0,3,0,12,14,73.85714285714286
1,0,6,0,9,8,78.85714285714286
0,1,1,0,20,2,83.57142857142857
0,0,7,1,16,4,76.57142857142857
0,0,1,0,13,13,77.42857142857143
0,0,0,0,30,15,83.28571428571429
0,0,3,0,7,15,73.14285714285714
1,0,3,0,38,6,91.14285714285714
1,0,4,0,7,13,75.28571428571429
0,0,1,0,8,15,76.14285714285714
0,0,0,0,8,10,69.85714285714286
0,0,9,1,11,4,86.71428571428571
1,0,3,1,30,12,80.14285714285714
1,0,3,1,11,15,79.0
0,0,2,0,35,0,89.71428571428571
1,0,7,0,4,3,79.28571428571429
1,0,9,1,6,10,84.85714285714286
0,0,1,0,33,6,86.14285714285714
1,0,1,0,1,10,73.85714285714286
0,0,3,0,11,5,81.57142857142857
1,0,7,0,21,13,76.85714285714286
0,0,3,0,24,2,75.57142857142857
0,0,7,0,4,3,73.57142857142857
0,0,1,0,1,7,83.57142857142857
0,0,1,1,12,4,82.28571428571429
0,0,7,0,28,4,83.57142857142857
0,0,2,0,20,0,89.85714285714286
1,0,3,0,35,6,91.42857142857143
1,0,0,0,33,9,84.0
1,0,6,0,4,10,75.71428571428571
0,1,4,0,1,3,73.0
1,0,5,0,7,8,78.71428571428571
0,0,3,0,27,4,81.85714285714286
1,0,2,0,34,13,79.57142857142857
1,1,2,0,17,12,83.42857142857143
0,0,1,0,18,15,69.57142857142857
1,0,2,1,9,10,81.71428571428571
1,0,2,0,3,10,76.14285714285714
1,0,5,0,28,2,80.28571428571429
1,0,5,0,28,13,84.28571428571429
1,0,2,0,26,6,81.71428571428571
1,1,10,1,4,3,70.42857142857143
1,0,3,0,15,14,88.42857142857143
1,0,3,0,33,15,75.57142857142857
1,0,3,1,31,16,87.85714285714286
0,0,5,1,7,8,73.14285714285714
1,0,1,0,26,15,75.0
1,0,9,0,3,3,79.71428571428571
0,0,5,0,31,9,85.71428571428571
0,0,4,0,1,3,74.28571428571429
0,0,4,1,30,0,82.14285714285714
0,0,2,1,28,9,83.0
1,1,3,0,24,6,84.57142857142857
1,0,1,1,28,2,76.71428571428571
0,0,6,0,6,10,81.0
1,1,9,1,5,3,71.42857142857143
1,0,2,0,12,14,83.42857142857143
0,0,7,0,3,15,85.28571428571429
1,0,4,0,26,9,93.71428571428571
1,0,4,0,18,0,80.57142857142857
1,0,5,0,31,0,81.42857142857143
1,0,1,0,17,14,81.85714285714286
1,0,2,1,23,12,81.85714285714286
0,0,0,0,17,5,82.14285714285714
0,0,4,0,29,6,85.0
1,0,0,0,13,5,79.71428571428571
1,1,10,1,2,3,79.0
1,0,3,0,35,15,91.57142857142857
1,0,5,0,35,5,92.85714285714286
0,0,3,0,28,0,81.0
0,1,6,1,2,3,79.14285714285714
0,0,6,1,28,12,79.0
0,0,3,1,26,0,65.14285714285714
0,0,7,0,26,13,78.42857142857143
1,0,1,0,22,6,87.57142857142857
0,1,1,0,26,12,86.57142857142857
1,0,1,0,16,14,78.71428571428571
1,0,10,0,2,3,74.28571428571429
0,0,4,1,10,2,80.0
1,0,3,1,21,16,82.0
0,1,1,0,30,12,82.0
1,0,6,0,24,0,78.57142857142857
0,1,1,0,33,13,78.28571428571429
1,0,5,0,3,1,82.14285714285714
1,0,2,0,34,12,79.0
1,0,6,1,2,3,79.71428571428571
1,0,2,0,17,12,80.85714285714286
0,0,1,0,18,0,77.14285714285714
0,0,2,0,16,16,76.57142857142857
0,0,3,1,21,6,83.0
0,0,1,0,24,12,79.85714285714286
1,0,3,1,27,15,82.0
1,1,4,1,24,13,82.0
0,0,5,0,27,4,89.42857142857143
0,0,3,0,14,8,83.57142857142857
0,0,8,0,30,12,78.42857142857143
1,0,1,0,24,9,87.71428571428571
1,0,4,0,0,3,82.28571428571429
0,0,3,0,35,6,92.14285714285714
1,0,2,0,21,12,77.57142857142857
0,1,1,0,15,0,75.85714285714286
1,0,1,0,5,7,90.0
0,1,10,0,3,3,76.0
1,0,4,0,8,8,82.42857142857143
1,0,0,0,1,7,74.71428571428571
1,1,9,1,5,3,78.28571428571429
1,1,1,1,26,2,85.0
1,0,2,0,24,2,80.0
1,0,5,0,24,2,88.28571428571429
0,1,0,1,9,10,74.28571428571429
0,0,2,0,3,1,79.71428571428571
0,0,2,0,1,1,89.42857142857143
1,0,2,0,15,2,83.0
1,0,5,0,32,2,81.85714285714286
1,0,3,0,26,0,74.85714285714286
0,0,5,1,32,12,78.0
0,0,0,0,35,2,89.28571428571429
0,0,3,0,2,7,76.85714285714286
0,0,1,0,13,8,80.14285714285714
1,1,2,1,20,13,81.0
1,0,5,0,5,1,82.0
0,0,1,0,5,10,75.14285714285714
1,0,2,0,34,2,85.85714285714286
1,0,6,0,34,16,84.28571428571429
0,0,2,0,21,4,81.28571428571429
1,0,4,0,27,0,74.42857142857143
0,0,0,0,31,12,79.57142857142857
0,0,4,0,31,9,83.28571428571429
1,1,3,0,12,14,78.71428571428571
0,0,2,0,13,4,83.0
0,0,3,0,28,0,87.0
0,0,5,0,27,12,89.14285714285714
1,1,3,0,4,7,77.0
0,0,2,0,33,12,81.85714285714286
1,0,4,0,18,0,69.85714285714286
1,0,0,0,29,9,87.14285714285714
1,0,1,0,13,16,84.42857142857143
0,0,4,0,5,7,78.85714285714286
1,0,6,0,15,12,86.85714285714286
0,0,2,0,2,15,81.42857142857143
1,0,3,0,27,0,84.14285714285714
0,0,1,0,22,2,84.57142857142857
1,0,5,1,24,0,82.42857142857143
1,0,6,0,27,2,81.0
1,0,2,0,25,0,65.71428571428571
0,0,3,0,17,4,84.71428571428571
0,0,1,0,14,4,81.71428571428571
1,0,5,0,14,2,85.57142857142857
0,0,1,0,3,8,73.14285714285714
1,0,7,0,5,3,67.42857142857143
1,0,10,1,2,3,70.0
0,0,3,0,4,7,85.42857142857143
1,0,10,0,33,9,85.71428571428571
0,0,2,0,31,2,84.85714285714286
0,0,1,0,16,4,88.14285714285714
0,0,5,0,15,15,80.28571428571429
1,0,7,1,5,3,64.57142857142857
0,1,10,0,3,3,65.85714285714286
1,0,8,0,4,3,77.28571428571429
1,0,1,1,29,0,79.85714285714286
0,0,7,1,18,15,77.14285714285714
1,0,2,0,16,14,76.71428571428571
0,0,0,0,23,12,83.42857142857143
1,1,3,0,28,12,81.85714285714286
1,0,7,0,31,9,88.28571428571429
1,0,9,0,5,3,71.57142857142857
0,0,2,0,6,13,85.14285714285714
0,0,1,0,33,9,83.14285714285714
1,0,7,0,0,3,71.42857142857143
1,0,6,1,19,12,74.14285714285714
1,0,2,0,26,0,82.28571428571429
1,0,1,0,3,1,86.28571428571429
0,0,2,0,10,15,83.57142857142857
1,0,5,0,24,6,88.0
1,0,5,0,1,1,78.71428571428571
1,0,1,0,25,12,90.42857142857143
1,0,10,0,15,15,79.14285714285714
0,1,10,0,3,3,79.0
1,0,3,1,14,14,70.85714285714286
0,0,9,0,31,13,86.71428571428571
1,0,2,1,9,10,83.85714285714286
1,0,1,0,8,14,77.57142857142857
0,0,2,0,22,0,76.57142857142857
1,0,3,0,11,2,79.57142857142857
1,1,10,0,2,3,80.85714285714286
1,0,2,0,21,15,78.71428571428571
1,0,1,0,28,15,76.14285714285714
1,1,9,0,4,3,81.42857142857143
0,0,4,0,35,12,93.71428571428571
0,0,6,0,27,6,85.57142857142857
0,0,0,1,14,0,75.57142857142857
1,0,10,0,1,3,71.85714285714286
0,0,4,0,29,6,86.28571428571429
1,0,1,0,33,9,85.71428571428571
0,0,1,0,18,16,83.71428571428571
0,0,2,0,11,15,83.57142857142857
1,1,5,0,3,3,69.14285714285714
0,0,2,0,19,12,84.42857142857143
0,0,1,0,31,12,76.0
0,0,5,1,28,13,76.57142857142857
0,0,10,0,11,4,80.14285714285714
0,0,1,0,16,5,81.71428571428571
0,0,3,0,4,1,76.85714285714286
1,0,1,0,15,2,83.14285714285714
0,0,4,0,31,16,82.0
0,0,4,0,29,12,82.71428571428571
0,0,5,0,27,15,75.0
0,0,1,0,29,5,78.71428571428571
1,0,2,0,23,12,83.28571428571429
1,0,2,0,32,11,83.42857142857143
1,0,5,0,9,14,86.28571428571429
1,0,3,0,16,12,86.0
0,0,2,0,29,12,76.42857142857143
1,0,3,1,5,1,83.0
0,0,3,0,14,12,80.28571428571429
0,0,2,0,20,2,81.14285714285714
1,0,2,0,28,12,78.0
1,1,2,0,13,2,82.85714285714286
0,1,9,1,3,3,73.28571428571429
1,0,5,0,26,2,88.57142857142857
0,1,3,0,8,13,79.57142857142857
1,0,3,0,4,3,66.42857142857143
0,0,4,1,20,12,84.71428571428571
0,0,3,0,34,4,88.14285714285714
0,0,2,0,42,6,93.14285714285714
0,0,6,0,4,7,85.71428571428571
1,0,6,1,14,12,79.85714285714286
0,0,1,0,29,4,82.57142857142857
1,0,3,0,34,9,77.85714285714286
0,0,3,0,1,1,72.57142857142857
0,0,5,0,27,12,88.0
1,0,4,0,30,2,77.14285714285714
0,0,10,0,33,9,84.28571428571429
1,0,1,0,15,14,87.85714285714286
1,0,2,0,5,10,68.42857142857143
0,0,3,0,29,15,78.14285714285714
1,1,1,0,28,6,87.28571428571429
1,1,9,0,1,3,75.28571428571429
1,0,2,0,22,6,87.42857142857143
0,0,6,0,21,15,75.71428571428571
0,0,2,0,34,12,83.57142857142857
0,0,3,0,33,13,78.71428571428571
1,0,10,1,3,3,69.85714285714286
1,1,1,0,0,3,81.57142857142857
0,0,9,0,3,3,69.71428571428571
1,0,0,0,20,0,82.14285714285714
0,0,1,0,18,12,87.71428571428571
1,0,1,0,35,5,95.71428571428571
1,0,2,0,3,3,76.85714285714286
1,0,1,0,27,15,80.42857142857143
0,0,4,0,32,6,85.57142857142857
0,0,1,0,30,12,76.71428571428571
0,0,7,0,3,7,83.0
1,0,2,1,19,12,75.57142857142857
1,0,2,0,9,14,81.28571428571429
0,0,3,0,26,9,85.42857142857143
1,0,1,0,28,12,85.0
1,1,1,0,35,2,93.71428571428571
0,0,4,0,32,2,85.57142857142857
1,1,2,0,35,12,90.85714285714286
1,0,3,0,26,5,87.14285714285714
0,0,3,0,14,2,88.85714285714286
1,0,4,0,26,2,78.28571428571429
1,0,5,1,3,10,75.42857142857143
0,0,1,0,33,4,84.42857142857143
0,0,1,0,35,2,89.0
1,0,1,0,22,15,79.57142857142857
1,0,2,0,23,5,88.14285714285714
0,0,2,1,27,9,83.14285714285714
0,0,6,0,31,12,83.71428571428571
1,0,1,0,26,2,79.14285714285714
1,0,4,0,1,10,78.28571428571429
1,0,2,0,7,14,83.42857142857143
1,0,1,1,4,10,73.0
0,0,0,0,31,12,87.57142857142857
0,0,7,1,23,0,75.57142857142857
1,0,4,0,5,15,77.42857142857143
0,0,10,0,1,3,79.85714285714286
0,0,3,0,4,1,77.71428571428571
0,0,0,1,23,4,72.57142857142857
0,0,3,0,15,8,76.85714285714286
0,0,2,0,24,9,83.42857142857143
0,0,2,0,31,12,78.71428571428571
0,0,4,0,29,9,83.57142857142857
1,0,3,0,49,6,93.71428571428571
0,0,4,0,6,15,82.0
0,0,7,1,33,0,81.14285714285714
1,1,5,1,10,5,75.0
1,0,1,0,13,8,79.85714285714286
1,0,6,1,25,2,73.57142857142857
1,0,2,0,35,9,92.0
0,1,8,1,1,3,78.71428571428571
0,0,1,0,29,13,82.85714285714286
0,0,3,0,20,12,85.71428571428571
0,1,3,0,49,6,89.28571428571429
1,0,4,0,13,14,79.42857142857143
1,0,2,0,20,15,87.0
1,0,2,1,18,14,78.42857142857143
0,0,1,0,23,12,76.85714285714286
1,0,0,0,10,10,78.57142857142857
1,0,4,1,4,1,83.42857142857143
0,0,1,0,11,4,87.28571428571429
1,0,3,0,15,14,80.0
1,0,1,1,16,2,80.0
0,0,10,1,5,3,65.57142857142857
1,0,1,1,26,12,83.71428571428571
0,0,2,0,29,15,75.42857142857143
1,0,10,0,3,3,65.28571428571429
0,0,4,1,32,12,80.71428571428571
1,0,5,0,24,6,87.14285714285714
1,0,3,1,20,12,84.28571428571429
1,1,5,1,1,3,74.85714285714286
0,0,9,0,0,3,67.71428571428571
0,0,8,1,5,3,80.14285714285714
1,0,2,0,5,3,74.85714285714286
0,0,6,0,1,3,77.28571428571429
1,0,1,1,27,12,80.42857142857143
0,1,1,0,29,9,84.14285714285714
1,1,9,0,4,3,75.0
1,1,8,1,4,3,83.57142857142857
0,0,3,0,21,6,86.42857142857143
1,0,3,0,31,13,84.14285714285714
1,0,3,0,15,2,84.57142857142857
0,0,0,0,30,9,83.14285714285714
0,0,1,0,31,12,79.57142857142857
0,0,7,0,23,16,79.42857142857143
0,0,1,0,23,5,74.85714285714286
1,1,0,0,27,12,79.57142857142857
1,0,3,1,5,10,85.71428571428571
1,1,10,0,4,3,67.14285714285714
1,0,9,0,21,2,78.57142857142857
0,0,5,0,26,2,79.57142857142857
1,0,2,0,13,14,80.57142857142857
1,0,7,0,10,15,87.85714285714286
1,0,4,0,25,12,80.85714285714286
1,0,4,0,13,15,87.57142857142857
0,0,2,0,29,4,84.85714285714286
1,0,4,0,1,10,78.0
1,1,2,0,11,13,80.42857142857143
1,0,1,0,26,9,91.0
1,0,0,0,12,14,82.0
0,1,0,0,32,12,85.85714285714286
1,0,5,0,28,0,76.57142857142857
1,0,1,0,34,15,85.85714285714286
1,0,6,0,17,12,76.71428571428571
1,0,2,0,31,12,79.0
0,0,2,1,25,0,80.14285714285714
1,0,7,0,14,12,87.57142857142857
1,0,2,0,2,7,76.14285714285714
0,1,10,0,5,3,78.71428571428571
1,0,2,0,2,1,88.42857142857143
0,0,3,0,33,11,77.0
0,0,6,0,33,15,71.42857142857143
1,0,1,0,5,1,78.57142857142857
0,1,3,0,23,12,77.42857142857143
1,0,10,0,2,3,77.14285714285714
1,0,3,0,23,2,80.0
1,0,6,0,3,3,67.28571428571429
0,0,0,0,48,6,94.57142857142857
0,0,3,0,32,2,72.71428571428571
0,1,4,1,3,3,76.28571428571429
0,0,1,0,24,15,76.0
1,0,4,0,21,12,79.14285714285714
0,0,10,0,0,3,76.85714285714286
1,0,0,0,25,9,79.0
1,0,3,0,10,8,74.57142857142857
0,0,1,0,4,7,72.0
1,0,2,0,7,15,72.28571428571429
0,1,8,0,0,3,73.14285714285714
1,0,4,0,2,15,70.57142857142857
0,0,0,1,16,4,89.28571428571429
0,0,4,0,12,13,80.42857142857143
0,1,9,0,4,3,72.0
0,0,3,1,23,12,76.0
1,0,6,0,15,0,78.42857142857143
0,0,2,0,31,13,85.42857142857143
0,1,8,0,3,3,77.42857142857143
1,0,4,0,2,15,83.85714285714286
1,0,5,0,35,2,92.0
0,0,5,0,27,5,84.0
1,0,5,0,32,12,82.57142857142857
1,1,4,0,24,12,85.42857142857143
0,0,3,1,29,12,77.28571428571429
0,0,10,1,4,3,73.42857142857143
0,0,4,0,17,12,87.28571428571429
0,1,3,0,18,2,84.0
0,0,5,0,15,8,83.42857142857143
0,0,1,0,32,16,75.71428571428571
1,0,7,0,3,7,86.0
1,0,5,0,31,5,86.0
0,0,5,1,3,3,76.85714285714286
0,0,7,0,25,12,78.42857142857143
0,1,1,1,0,10,70.57142857142857
0,1,1,0,29,13,81.14285714285714
1,0,1,0,17,2,84.0
1,1,4,0,0,3,65.0
0,0,5,0,25,16,84.42857142857143
0,0,2,0,23,12,81.85714285714286
1,1,5,0,4,3,67.42857142857143
0,0,7,1,11,4,83.14285714285714
1,0,7,0,12,15,72.57142857142857
1,1,2,0,48,6,95.85714285714286
0,0,4,1,0,3,76.0
0,0,7,1,12,2,81.14285714285714
1,0,1,1,31,2,75.0
1,1,9,0,19,0,85.71428571428571
1,0,0,0,17,12,80.0
0,0,6,1,24,15,83.57142857142857
1,0,2,0,11,14,80.71428571428571
0,1,6,0,2,3,73.71428571428571
1,1,2,1,32,6,87.85714285714286
0,0,7,0,5,7,78.0
0,0,5,1,23,6,83.0
1,0,8,0,14,2,79.57142857142857
0,1,6,0,1,3,72.71428571428571
0,0,4,0,32,11,86.0
0,0,1,0,34,11,84.0
1,0,2,1,13,15,85.57142857142857
0,0,1,0,24,9,90.0
1,0,5,0,32,9,86.14285714285714
0,0,2,0,21,2,87.0
1,1,6,0,0,3,68.85714285714286
1,0,6,0,34,0,84.42857142857143
0,0,2,0,14,5,79.42857142857143
0,0,3,0,25,12,81.85714285714286
1,0,3,0,5,7,84.0
1,1,10,0,3,3,84.28571428571429
1,0,7,0,20,5,73.57142857142857
0,0,1,1,26,5,84.14285714285714
1,0,9,0,2,3,80.0
1,0,3,1,1,10,88.42857142857143
0,0,10,0,1,3,75.71428571428571
1,0,10,0,25,2,81.85714285714286
1,0,5,0,35,9,89.14285714285714
1,1,3,0,2,3,78.42857142857143
1,0,7,0,5,3,70.28571428571429
1,0,3,0,24,12,88.85714285714286
1,0,0,0,5,1,75.14285714285714
1,0,6,0,3,7,77.42857142857143
0,0,6,0,5,7,82.85714285714286
1,0,1,0,33,9,87.57142857142857
0,0,2,0,15,15,80.14285714285714
1,1,5,0,32,2,79.14285714285714
0,0,0,1,14,2,78.71428571428571
0,0,3,0,47,6,93.0
1,0,4,0,6,15,81.28571428571429
0,0,5,1,3,10,80.71428571428571
0,0,1,1,42,6,92.85714285714286
0,0,1,0,22,4,85.57142857142857
1,0,7,0,1,3,83.28571428571429
1,0,1,1,21,2,79.28571428571429
0,0,4,0,50,6,91.0
0,1,7,0,29,0,73.85714285714286
1,0,4,0,31,9,84.85714285714286
1,0,6,0,5,10,74.28571428571429
0,0,1,1,25,9,84.71428571428571
1,0,2,0,22,13,86.14285714285714
1,0,8,1,1,3,76.0
1,0,5,0,26,6,84.14285714285714
0,0,9,0,3,3,80.0
0,1,7,0,12,15,79.28571428571429
0,0,1,0,1,3,67.0
1,0,4,1,18,15,78.42857142857143
0,0,3,0,27,0,85.71428571428571
1,0,5,0,24,12,79.57142857142857
1,0,1,1,19,15,80.42857142857143
0,0,2,0,47,6,93.14285714285714
0,0,1,0,11,15,77.85714285714286
1,0,2,0,29,12,88.0
0,0,2,1,14,12,83.57142857142857
1,0,5,0,4,1,82.71428571428571
1,0,4,0,15,12,82.28571428571429
1,0,5,0,32,12,83.57142857142857
0,0,7,0,33,13,88.85714285714286
1,0,4,1,29,12,87.71428571428571
0,0,2,0,31,9,88.85714285714286
1,0,5,0,29,9,84.42857142857143
1,1,5,0,0,3,81.28571428571429
1,1,6,0,1,3,79.14285714285714
1,0,3,0,42,6,93.57142857142857
1,1,9,1,2,3,84.42857142857143
0,0,3,0,1,10,82.0
0,0,1,0,11,8,77.71428571428571
1,1,4,0,18,12,72.28571428571429
1,0,2,1,35,12,92.28571428571429
0,0,1,0,1,7,80.0
0,1,0,0,12,15,80.0
1,0,2,0,21,2,74.57142857142857
0,0,2,1,18,4,77.71428571428571
0,1,6,0,5,3,59.142857142857146
1,0,5,0,2,3,69.0
0,0,5,1,27,9,81.85714285714286
1,1,6,0,18,2,80.28571428571429
0,0,2,0,28,12,81.85714285714286
0,0,5,0,1,3,71.0
0,0,7,0,42,6,93.28571428571429
1,0,8,0,21,0,77.57142857142857
0,0,4,0,31,12,82.85714285714286
1,0,8,0,34,9,88.0
0,0,1,1,5,10,87.14285714285714
0,0,3,0,46,6,89.42857142857143
1,0,3,0,9,8,87.14285714285714
0,0,5,0,26,9,81.42857142857143
1,0,3,0,31,12,84.14285714285714
0,0,4,0,27,16,79.57142857142857
0,1,7,0,28,12,77.28571428571429
1,0,3,1,5,8,81.71428571428571
1,0,2,0,4,3,65.71428571428571
0,0,1,0,33,6,92.85714285714286
0,0,3,0,16,2,83.28571428571429
1,0,1,0,15,14,76.85714285714286
0,0,7,0,10,8,82.71428571428571
1,0,0,1,18,15,77.71428571428571
0,0,1,0,12,13,82.14285714285714
1,0,3,0,25,2,80.71428571428571
1,0,3,0,23,2,86.28571428571429
1,0,6,0,8,10,79.42857142857143
0,0,4,0,32,0,78.57142857142857
1,1,10,0,0,3,68.0
0,0,8,0,0,3,68.57142857142857
0,0,1,0,6,13,71.57142857142857
0,0,6,0,5,1,80.71428571428571
0,0,0,0,16,12,77.42857142857143
0,0,5,1,4,10,81.42857142857143
1,1,8,0,2,3,88.0
0,0,2,0,35,15,92.42857142857143
1,0,2,1,34,9,82.14285714285714
1,0,1,0,7,5,81.85714285714286
0,0,0,0,14,4,80.85714285714286
1,0,1,0,24,6,82.71428571428571
1,0,4,0,25,12,77.28571428571429
0,0,8,0,3,3,76.28571428571429
1,1,7,1,0,3,70.14285714285714
1,0,2,0,33,15,79.57142857142857
0,0,3,0,12,15,79.42857142857143
1,0,3,1,1,1,86.71428571428571
0,0,5,1,19,13,77.42857142857143
0,0,2,0,2,5,81.85714285714286
0,0,4,0,3,7,80.42857142857143
1,0,10,1,1,3,71.42857142857143
0,0,1,0,48,6,94.28571428571429
0,0,2,0,32,9,83.85714285714286
1,0,6,0,1,15,80.57142857142857
1,0,1,0,22,6,89.28571428571429
0,0,5,0,16,2,75.0
0,1,6,0,15,4,79.14285714285714
0,0,3,1,26,12,81.57142857142857
0,0,5,0,46,6,94.0
0,1,4,0,31,11,81.0
1,0,10,0,4,3,79.42857142857143
1,0,9,0,5,3,77.14285714285714
0,0,6,0,21,0,82.71428571428571
1,0,2,0,26,5,87.0
1,0,1,0,3,1,79.42857142857143
1,0,1,1,11,2,83.71428571428571
0,0,6,0,5,3,71.14285714285714
1,0,8,1,19,12,73.42857142857143
1,1,7,0,3,3,74.0
0,1,5,0,15,12,81.0
0,0,4,0,32,9,82.57142857142857
0,1,5,0,4,3,78.57142857142857
0,0,1,0,31,11,80.0
0,0,2,0,19,12,81.0
1,0,1,0,16,12,81.0
0,0,1,0,29,9,82.71428571428571
0,0,3,0,26,9,85.42857142857143
0,1,4,0,27,9,84.71428571428571
0,0,3,0,35,12,91.14285714285714
1,0,5,0,26,15,83.0
1,1,2,0,28,6,82.0
0,1,1,0,32,2,83.42857142857143
0,0,0,0,33,0,81.28571428571429
1,0,2,1,18,13,78.85714285714286
0,0,1,0,18,12,83.85714285714286
1,0,1,1,9,15,84.85714285714286
0,1,5,0,25,13,85.0
1,0,1,1,18,14,89.0
1,0,4,0,3,15,75.71428571428571
1,0,4,1,34,9,89.42857142857143
1,0,7,0,4,3,64.85714285714286
0,0,3,0,14,8,80.71428571428571
0,1,5,0,8,10,76.57142857142857
1,0,3,0,35,11,93.42857142857143
0,0,3,0,2,1,78.0
1,0,2,0,27,9,81.28571428571429
0,0,5,0,20,0,76.42857142857143
0,0,4,0,21,12,79.57142857142857
1,0,5,0,6,8,81.0
1,0,3,0,18,2,84.57142857142857
1,0,2,0,7,10,78.71428571428571
1,0,2,0,24,12,77.71428571428571
0,0,5,0,21,0,78.85714285714286
0,0,10,0,2,3,67.28571428571429
1,1,0,0,34,9,87.71428571428571
1,0,7,1,0,3,76.71428571428571
0,0,4,0,17,12,78.14285714285714
1,0,5,0,10,2,83.14285714285714
1,0,4,1,35,9,90.42857142857143
0,0,3,0,27,12,76.28571428571429
0,0,2,1,30,11,86.85714285714286
0,0,2,0,35,9,91.71428571428571
1,1,5,0,5,7,79.14285714285714
1,0,6,1,10,8,81.28571428571429
1,1,8,0,1,3,77.28571428571429
0,1,10,0,0,3,74.57142857142857
0,1,3,0,30,9,82.14285714285714
0,0,4,0,3,3,78.85714285714286
0,0,3,1,18,4,80.85714285714286
1,1,8,1,0,3,84.85714285714286
0,1,5,0,15,12,86.0
1,1,3,0,43,6,90.57142857142857
0,0,5,0,16,5,85.28571428571429
1,0,3,0,23,0,75.71428571428571
0,0,2,0,2,7,75.0
1,0,1,0,34,9,85.85714285714286
0,1,2,0,34,12,86.0
0,0,3,0,18,12,85.14285714285714
1,0,5,1,21,15,81.71428571428571
0,1,3,1,3,3,91.14285714285714
1,0,4,0,31,6,88.14285714285714
1,0,5,1,17,12,82.42857142857143
1,0,0,0,10,2,79.71428571428571
1,0,1,0,5,5,74.28571428571429
0,0,4,0,8,13,71.28571428571429
0,0,4,0,3,3,75.57142857142857
1,0,3,0,30,6,90.57142857142857
1,0,2,0,20,0,89.14285714285714
1,1,5,0,25,12,77.28571428571429
0,0,4,1,23,4,77.85714285714286
0,0,7,0,3,7,81.71428571428571
0,1,1,0,24,12,80.28571428571429
0,0,1,0,37,6,92.28571428571429
0,0,2,0,28,15,83.0
1,0,2,0,5,3,77.14285714285714
1,0,3,0,6,10,75.0
1,0,7,0,40,6,89.28571428571429
0,0,3,1,35,15,90.28571428571429
0,0,4,1,34,6,85.0
0,0,2,0,24,12,82.71428571428571
1,0,6,0,35,11,91.85714285714286
1,1,6,0,0,3,82.85714285714286
0,0,1,0,35,6,91.0
0,0,5,1,18,15,82.42857142857143
1,1,1,1,1,3,67.85714285714286
0,0,2,0,16,4,81.71428571428571
0,0,5,0,28,12,80.42857142857143
0,0,3,0,14,8,83.71428571428571
0,0,3,0,25,6,80.71428571428571
1,0,2,0,16,2,78.71428571428571
0,0,4,0,28,13,79.85714285714286
0,0,0,0,15,12,81.57142857142857
0,0,10,0,46,6,94.57142857142857
0,0,2,0,34,9,89.0
0,0,2,0,27,9,83.14285714285714
1,1,4,0,28,6,92.42857142857143
0,0,3,0,33,11,87.14285714285714
1,0,5,0,12,2,82.42857142857143
0,0,0,0,27,9,88.0
1,0,1,0,15,8,76.28571428571429
1,0,1,1,3,10,75.14285714285714
0,0,2,0,26,9,83.71428571428571
1,0,1,0,35,5,91.28571428571429
0,0,1,0,20,2,79.42857142857143
1,0,3,0,14,16,87.57142857142857
1,0,2,1,24,12,79.71428571428571
0,0,2,0,8,8,78.14285714285714
1,0,3,0,19,15,82.0
1,0,10,1,2,3,74.71428571428571
1,0,2,0,29,15,80.42857142857143
0,0,1,0,14,2,81.42857142857143
0,0,4,0,19,0,67.71428571428571
0,0,0,0,29,13,87.14285714285714
1,0,1,0,2,1,82.42857142857143
1,0,6,0,25,9,84.71428571428571
1,0,0,0,6,8,79.28571428571429
0,0,2,1,11,2,86.57142857142857
0,0,1,1,4,5,84.0
0,0,2,0,33,9,80.57142857142857
1,0,3,1,22,6,88.28571428571429
1,0,0,0,34,6,87.14285714285714
0,0,1,0,22,12,80.57142857142857
1,0,10,0,5,3,75.14285714285714
0,0,1,0,11,8,74.71428571428571
0,0,1,0,12,8,85.0
1,0,2,0,35,15,93.57142857142857
1,0,0,0,6,10,79.57142857142857
0,0,9,1,0,3,72.14285714285714
0,0,2,1,26,9,75.71428571428571
0,0,0,0,19,2,90.42857142857143
1,0,0,0,3,8,79.71428571428571
0,0,1,0,14,2,77.85714285714286
0,0,9,0,12,16,86.28571428571429
0,0,1,0,18,12,88.42857142857143
0,0,5,0,4,3,77.14285714285714
0,0,1,0,34,4,75.57142857142857
0,0,2,0,21,15,79.85714285714286
1,0,3,1,5,10,77.28571428571429
0,0,1,1,16,0,73.85714285714286
1,0,0,0,31,11,84.0
1,1,6,0,1,3,70.85714285714286
0,0,3,0,35,2,90.28571428571429
0,0,1,1,41,6,92.57142857142857
0,1,5,1,1,3,77.71428571428571
0,0,2,0,6,10,79.0
1,0,3,0,30,11,86.0
1,0,3,0,32,2,78.0
0,0,2,0,18,12,79.71428571428571
0,0,1,0,2,3,81.0
1,0,5,0,5,3,66.28571428571429
1,0,2,0,32,9,88.0
1,1,2,0,18,14,82.28571428571429
1,0,7,0,27,9,76.42857142857143
0,0,3,0,9,15,72.0
1,0,2,0,15,14,81.28571428571429
0,0,9,0,1,3,76.0
1,0,10,0,2,3,68.0
0,0,2,0,31,12,72.71428571428571
1,0,3,0,2,1,74.14285714285714
1,1,4,0,2,7,90.28571428571429
1,1,6,0,5,3,72.71428571428571
0,0,1,0,21,12,83.28571428571429
1,0,6,0,12,5,81.14285714285714
1,1,5,0,0,3,67.57142857142857
0,0,5,0,26,0,79.0
0,0,3,0,15,0,78.0
1,1,1,0,14,0,79.28571428571429
1,0,6,0,9,14,76.14285714285714
0,0,2,0,19,15,82.42857142857143
1,0,7,0,17,14,81.71428571428571
1,0,3,1,9,10,80.0
1,0,5,1,14,2,71.71428571428571
0,0,1,1,3,7,79.14285714285714
0,1,9,1,22,12,81.14285714285714
1,0,3,0,10,10,83.57142857142857
0,1,1,0,1,3,69.0
1,0,0,0,10,15,75.14285714285714
1,0,2,0,36,6,93.14285714285714
1,0,3,0,34,12,85.42857142857143
0,0,3,0,32,6,90.14285714285714
1,0,2,0,28,12,84.14285714285714
1,1,10,0,3,3,69.71428571428571
0,0,2,0,32,12,82.28571428571429
0,0,2,0,4,3,74.14285714285714
0,0,2,0,21,0,86.14285714285714
1,0,1,1,22,16,91.0
1,0,4,0,28,2,90.28571428571429
0,0,3,0,35,4,91.28571428571429
0,0,1,0,35,9,92.42857142857143
1,0,4,1,16,2,83.71428571428571
0,0,1,1,20,2,85.71428571428571
1,0,4,0,27,12,81.42857142857143
1,0,6,0,14,2,87.85714285714286
0,0,1,0,35,4,93.71428571428571
0,1,6,0,2,3,66.42857142857143
0,0,4,0,3,1,77.28571428571429
1,0,2,0,32,9,79.85714285714286
1,1,6,1,33,12,86.0
1,0,2,1,24,2,80.14285714285714
0,0,2,0,5,15,83.85714285714286
1,0,5,0,8,14,82.14285714285714
1,0,2,1,8,14,82.28571428571429
0,0,0,0,21,15,74.71428571428571
1,0,1,1,6,8,76.28571428571429
1,1,0,0,15,12,79.14285714285714
1,1,1,0,12,8,75.42857142857143
1,0,6,0,1,1,80.14285714285714
0,0,2,0,14,12,90.0
0,0,3,0,26,0,75.14285714285714
0,1,1,0,31,6,92.28571428571429
1,0,4,0,5,15,79.28571428571429
0,0,2,0,28,0,80.28571428571429
1,0,1,1,11,15,69.85714285714286
0,0,1,1,19,12,83.14285714285714
0,0,3,0,17,13,87.14285714285714
1,0,0,1,30,15,79.71428571428571
0,0,2,0,23,12,82.14285714285714
0,0,6,0,0,3,72.0
1,0,0,1,19,2,76.42857142857143
1,0,2,1,33,9,82.71428571428571
1,1,2,1,1,7,82.71428571428571
1,0,2,0,35,16,91.57142857142857
0,0,1,0,3,10,77.28571428571429
1,0,2,0,2,7,85.85714285714286
1,0,5,1,16,12,79.0
1,0,3,0,38,6,93.57142857142857
1,0,2,0,3,1,77.71428571428571
0,1,10,1,3,7,84.57142857142857
1,1,5,0,11,14,83.71428571428571
0,0,1,0,1,7,81.0
1,0,4,0,4,15,73.71428571428571
0,0,3,0,43,6,93.28571428571429
0,0,1,0,47,6,90.14285714285714
0,0,1,0,9,8,75.28571428571429
1,0,6,0,2,3,59.142857142857146
0,1,4,0,5,3,79.57142857142857
1,0,2,0,26,15,78.42857142857143
1,1,3,0,25,12,79.71428571428571
0,0,5,0,9,10,77.85714285714286
0,0,1,0,27,0,74.28571428571429
1,0,2,1,19,2,74.85714285714286
1,1,1,0,31,11,87.71428571428571
1,0,4,1,26,12,90.28571428571429
0,0,6,1,11,2,83.42857142857143
1,1,6,0,6,5,81.14285714285714
1,0,8,0,2,3,78.14285714285714
1,0,10,1,5,3,76.14285714285714
0,0,7,0,5,3,74.57142857142857
1,0,3,0,27,9,82.42857142857143
1,0,2,0,30,9,89.57142857142857
0,0,5,0,21,12,76.28571428571429
1,0,0,0,8,14,82.42857142857143
1,0,2,0,21,2,85.85714285714286
0,1,3,0,18,2,76.85714285714286
0,0,4,0,3,8,84.42857142857143
0,0,1,0,32,6,85.28571428571429
1,0,6,0,8,5,81.28571428571429
0,0,2,0,3,15,77.57142857142857
0,0,2,0,17,13,86.14285714285714
0,0,0,0,17,12,78.0
1,0,4,0,27,9,88.14285714285714
0,0,2,1,12,2,84.57142857142857
0,0,3,0,46,6,92.14285714285714
0,0,1,0,19,0,76.42857142857143
0,0,2,0,30,4,79.71428571428571
0,0,2,0,20,12,76.28571428571429
1,0,5,0,14,12,82.57142857142857
1,1,10,1,5,3,80.85714285714286
1,0,5,0,27,0,88.14285714285714
